90.00 -49.00 172.00 -9.00 -20.00 -114.00 -22.00 5.00 -224.00 136.00 0.00 0.00 2.00 3.00 0.00 0.00 0.00 0.00 0.00 0.00 0.00 0.00 0.00 0.00 0.00 0.00 0.00 0.00 0.00 0.00 0.00 0.00 0.00 0.00 0.00 0.00 0.00 0.00 0.00 0.00 
90.00 -49.00 154.00 4.00 -66.00 -109.00 -34.00 -13.00 -199.00 128.00 0.00 0.00 2.00 3.00 0.00 0.00 0.00 0.00 0.00 0.00 0.00 0.00 0.00 0.00 0.00 0.00 0.00 0.00 0.00 0.00 0.00 0.00 0.00 0.00 0.00 0.00 0.00 0.00 0.00 0.00 
90.00 -49.00 150.00 -14.00 -31.00 -106.00 -42.00 6.00 -176.00 128.00 0.00 0.00 2.00 3.00 0.00 0.00 0.00 0.00 0.00 0.00 0.00 0.00 0.00 0.00 0.00 0.00 0.00 0.00 0.00 0.00 0.00 0.00 0.00 0.00 0.00 0.00 0.00 0.00 0.00 0.00 
90.00 -49.00 146.00 0.00 -25.00 -98.00 -43.00 -19.00 -165.00 153.00 0.00 0.00 2.00 3.00 0.00 0.00 0.00 0.00 0.00 0.00 0.00 0.00 0.00 0.00 0.00 0.00 0.00 0.00 0.00 0.00 0.00 0.00 0.00 0.00 0.00 0.00 0.00 0.00 0.00 0.00 
90.00 -49.00 153.00 -26.00 -25.00 -98.00 -48.00 -6.00 -283.00 133.00 0.00 0.00 2.00 3.00 0.00 0.00 0.00 0.00 0.00 0.00 0.00 0.00 0.00 0.00 0.00 0.00 0.00 0.00 0.00 0.00 0.00 0.00 0.00 0.00 0.00 0.00 0.00 0.00 0.00 0.00 
90.00 -49.00 102.00 8.00 -25.00 -98.00 -73.00 -18.00 -283.00 133.00 0.00 0.00 2.00 3.00 0.00 0.00 0.00 0.00 0.00 0.00 0.00 0.00 0.00 0.00 0.00 0.00 0.00 0.00 0.00 0.00 0.00 0.00 0.00 0.00 0.00 0.00 0.00 0.00 0.00 0.00 
90.00 -49.00 62.00 -2.00 -24.00 -107.00 -141.00 -30.00 -313.00 165.00 0.00 0.00 2.00 3.00 0.00 0.00 0.00 0.00 0.00 0.00 0.00 0.00 0.00 0.00 0.00 0.00 0.00 0.00 0.00 0.00 0.00 0.00 0.00 0.00 0.00 0.00 0.00 0.00 0.00 0.00 
90.00 -49.00 56.00 15.00 -24.00 -107.00 -160.00 -27.00 -253.00 173.00 0.00 0.00 2.00 3.00 0.00 0.00 0.00 0.00 0.00 0.00 0.00 0.00 0.00 0.00 0.00 0.00 0.00 0.00 0.00 0.00 0.00 0.00 0.00 0.00 0.00 0.00 0.00 0.00 0.00 0.00 
90.00 -49.00 25.00 -18.00 -24.00 -107.00 -158.00 -4.00 -314.00 143.00 0.00 0.00 2.00 3.00 0.00 0.00 0.00 0.00 0.00 0.00 0.00 0.00 0.00 0.00 0.00 0.00 0.00 0.00 0.00 0.00 0.00 0.00 0.00 0.00 0.00 0.00 0.00 0.00 0.00 0.00 
90.00 -49.00 36.00 -3.00 4.00 -107.00 -158.00 -4.00 -275.00 138.00 0.00 0.00 2.00 3.00 0.00 0.00 0.00 0.00 0.00 0.00 0.00 0.00 0.00 0.00 0.00 0.00 0.00 0.00 0.00 0.00 0.00 0.00 0.00 0.00 0.00 0.00 0.00 0.00 0.00 0.00 
90.00 -49.00 22.00 -24.00 -26.00 -135.00 -157.00 13.00 -326.00 117.00 0.00 0.00 2.00 3.00 0.00 0.00 0.00 0.00 0.00 0.00 0.00 0.00 0.00 0.00 0.00 0.00 0.00 0.00 0.00 0.00 0.00 0.00 0.00 0.00 0.00 0.00 0.00 0.00 0.00 0.00 
90.00 -49.00 21.00 7.00 -1.00 -136.00 -167.00 -9.00 -263.00 110.00 0.00 0.00 2.00 3.00 0.00 0.00 0.00 0.00 0.00 0.00 0.00 0.00 0.00 0.00 0.00 0.00 0.00 0.00 0.00 0.00 0.00 0.00 0.00 0.00 0.00 0.00 0.00 0.00 0.00 0.00 
90.00 -49.00 19.00 -15.00 -32.00 -168.00 -173.00 17.00 -303.00 91.00 0.00 0.00 2.00 3.00 0.00 0.00 0.00 0.00 0.00 0.00 0.00 0.00 0.00 0.00 0.00 0.00 0.00 0.00 0.00 0.00 0.00 0.00 0.00 0.00 0.00 0.00 0.00 0.00 0.00 0.00 
90.00 -49.00 35.00 2.00 -61.00 -179.00 -37.00 -11.00 -279.00 88.00 0.00 0.00 2.00 3.00 0.00 0.00 0.00 0.00 0.00 0.00 0.00 0.00 0.00 0.00 0.00 0.00 0.00 0.00 0.00 0.00 0.00 0.00 0.00 0.00 0.00 0.00 0.00 0.00 0.00 0.00 
90.00 -49.00 36.00 28.00 -61.00 -179.00 -37.00 -11.00 -279.00 88.00 0.00 0.00 2.00 3.00 0.00 0.00 0.00 0.00 0.00 0.00 0.00 0.00 0.00 0.00 0.00 0.00 0.00 0.00 0.00 0.00 0.00 0.00 0.00 0.00 0.00 0.00 0.00 0.00 0.00 0.00 
90.00 -49.00 168.00 6.00 -87.00 -198.00 -32.00 9.00 -345.00 77.00 0.00 0.00 16.00 8.00 0.00 0.00 0.00 0.00 0.00 -6.00 0.00 0.00 0.00 0.00 0.00 0.00 0.00 0.00 0.00 0.00 0.00 0.00 0.00 0.00 0.00 0.00 0.00 0.00 0.00 0.00 
90.00 -49.00 157.00 27.00 -66.00 -203.00 -34.00 -6.00 -307.00 63.00 0.00 0.00 12.00 14.00 0.00 0.00 0.00 0.00 0.00 -6.00 0.00 0.00 0.00 0.00 0.00 0.00 0.00 0.00 0.00 0.00 0.00 0.00 0.00 0.00 0.00 0.00 0.00 0.00 0.00 0.00 
90.00 -49.00 172.00 -7.00 -156.00 -223.00 -43.00 18.00 -371.00 92.00 0.00 0.00 12.00 14.00 0.00 0.00 0.00 0.00 0.00 -6.00 0.00 0.00 0.00 0.00 0.00 0.00 0.00 0.00 0.00 0.00 0.00 0.00 0.00 0.00 0.00 0.00 0.00 0.00 0.00 0.00 
90.00 -49.00 167.00 8.00 -150.00 -237.00 -53.00 7.00 -313.00 88.00 0.00 0.00 13.00 13.00 0.00 0.00 0.00 0.00 0.00 -6.00 0.00 0.00 0.00 0.00 0.00 0.00 0.00 0.00 0.00 0.00 0.00 0.00 0.00 0.00 0.00 0.00 0.00 0.00 0.00 0.00 
90.00 -49.00 162.00 -15.00 -119.00 -246.00 -67.00 25.00 -275.00 75.00 0.00 0.00 13.00 13.00 0.00 0.00 0.00 0.00 34.00 -12.00 0.00 0.00 0.00 0.00 0.00 0.00 0.00 0.00 0.00 0.00 0.00 0.00 0.00 0.00 0.00 0.00 0.00 0.00 0.00 0.00 
90.00 -49.00 154.00 -3.00 -162.00 -263.00 -71.00 3.00 -320.00 92.00 0.00 0.00 5.00 5.00 0.00 0.00 0.00 0.00 34.00 -12.00 0.00 0.00 0.00 0.00 0.00 0.00 0.00 0.00 0.00 0.00 0.00 0.00 0.00 0.00 0.00 0.00 0.00 0.00 0.00 0.00 
90.00 -49.00 116.00 17.00 -181.00 -231.00 -101.00 -4.00 -322.00 117.00 0.00 0.00 5.00 5.00 0.00 0.00 0.00 0.00 34.00 -12.00 0.00 0.00 0.00 0.00 0.00 0.00 0.00 0.00 0.00 0.00 0.00 0.00 0.00 0.00 0.00 0.00 0.00 0.00 0.00 0.00 
90.00 -49.00 83.00 2.00 -182.00 -226.00 -119.00 4.00 -391.00 95.00 0.00 0.00 -13.00 5.00 0.00 0.00 0.00 0.00 15.00 -15.00 0.00 0.00 0.00 0.00 0.00 0.00 0.00 0.00 0.00 0.00 0.00 0.00 0.00 0.00 0.00 0.00 0.00 0.00 0.00 0.00 
90.00 -49.00 78.00 -31.00 -145.00 -239.00 -150.00 4.00 -254.00 140.00 0.00 0.00 -13.00 5.00 0.00 0.00 0.00 0.00 14.00 -6.00 0.00 0.00 0.00 0.00 0.00 0.00 0.00 0.00 0.00 0.00 0.00 0.00 0.00 0.00 0.00 0.00 0.00 0.00 0.00 0.00 
90.00 -49.00 76.00 -10.00 -125.00 -239.00 -158.00 2.00 -267.00 124.00 0.00 0.00 -13.00 5.00 0.00 0.00 0.00 0.00 14.00 -6.00 0.00 0.00 0.00 0.00 0.00 0.00 0.00 0.00 0.00 0.00 0.00 0.00 0.00 0.00 0.00 0.00 0.00 0.00 0.00 0.00 
90.00 -49.00 57.00 -29.00 -112.00 -241.00 -161.00 23.00 -294.00 113.00 0.00 0.00 -13.00 5.00 0.00 0.00 0.00 0.00 14.00 -6.00 0.00 0.00 0.00 0.00 0.00 0.00 0.00 0.00 0.00 0.00 0.00 0.00 0.00 0.00 0.00 0.00 0.00 0.00 0.00 0.00 
90.00 -49.00 53.00 -5.00 -97.00 -241.00 -176.00 7.00 -233.00 108.00 0.00 0.00 -2.00 6.00 -5.00 1.00 0.00 0.00 0.00 -6.00 0.00 0.00 0.00 0.00 0.00 0.00 0.00 0.00 0.00 0.00 0.00 0.00 0.00 0.00 0.00 0.00 0.00 0.00 0.00 0.00 
90.00 -49.00 66.00 11.00 -119.00 -250.00 -157.00 7.00 -291.00 87.00 0.00 0.00 -2.00 6.00 -5.00 1.00 0.00 0.00 0.00 -6.00 0.00 0.00 0.00 0.00 0.00 0.00 0.00 0.00 0.00 0.00 0.00 0.00 0.00 0.00 0.00 0.00 0.00 0.00 0.00 0.00 
90.00 -49.00 50.00 24.00 -138.00 -201.00 -159.00 17.00 -262.00 84.00 0.00 0.00 14.00 4.00 -5.00 1.00 0.00 0.00 0.00 -6.00 0.00 0.00 0.00 0.00 0.00 0.00 0.00 0.00 0.00 0.00 0.00 0.00 0.00 0.00 0.00 0.00 0.00 0.00 0.00 0.00 
90.00 -49.00 135.00 9.00 -90.00 -198.00 -90.00 3.00 -298.00 141.00 0.00 0.00 13.00 0.00 -13.00 -1.00 0.00 0.00 22.00 -13.00 0.00 0.00 0.00 0.00 0.00 0.00 0.00 0.00 0.00 0.00 0.00 0.00 0.00 0.00 0.00 0.00 0.00 0.00 0.00 0.00 
90.00 -49.00 204.00 -13.00 -180.00 -177.00 -51.00 9.00 -283.00 182.00 0.00 0.00 33.00 11.00 -13.00 -1.00 0.00 0.00 1.00 -1.00 0.00 0.00 0.00 0.00 0.00 0.00 0.00 0.00 0.00 0.00 0.00 0.00 0.00 0.00 0.00 0.00 0.00 0.00 0.00 0.00 
90.00 -49.00 180.00 0.00 -144.00 -271.00 -34.00 18.00 -285.00 92.00 0.00 0.00 33.00 11.00 -13.00 -1.00 0.00 0.00 1.00 -1.00 0.00 0.00 0.00 0.00 0.00 0.00 0.00 0.00 0.00 0.00 0.00 0.00 0.00 0.00 0.00 0.00 0.00 0.00 0.00 0.00 
90.00 -49.00 191.00 21.00 -157.00 -196.00 -46.00 -18.00 -300.00 182.00 0.00 0.00 33.00 13.00 -13.00 -1.00 0.00 0.00 19.00 0.00 27.00 -9.00 0.00 0.00 0.00 0.00 0.00 0.00 0.00 0.00 0.00 0.00 0.00 0.00 0.00 0.00 0.00 0.00 0.00 0.00 
90.00 -49.00 173.00 -5.00 -167.00 -251.00 -42.00 18.00 -360.00 172.00 0.00 0.00 33.00 13.00 -13.00 -1.00 0.00 0.00 19.00 0.00 27.00 -9.00 0.00 0.00 0.00 0.00 0.00 0.00 0.00 0.00 0.00 0.00 0.00 0.00 0.00 0.00 0.00 0.00 0.00 0.00 
90.00 -49.00 167.00 -6.00 -170.00 -296.00 -43.00 -8.00 -303.00 154.00 0.00 0.00 33.00 13.00 -13.00 -1.00 0.00 0.00 19.00 0.00 27.00 -9.00 0.00 0.00 0.00 0.00 0.00 0.00 0.00 0.00 0.00 0.00 0.00 0.00 0.00 0.00 0.00 0.00 0.00 0.00 
90.00 -49.00 158.00 1.00 -170.00 -296.00 -42.00 -21.00 -225.00 104.00 0.00 0.00 33.00 13.00 -13.00 -1.00 0.00 0.00 19.00 0.00 27.00 -9.00 0.00 0.00 0.00 0.00 0.00 0.00 0.00 0.00 0.00 0.00 0.00 0.00 0.00 0.00 0.00 0.00 0.00 0.00 
90.00 -49.00 185.00 -35.00 -92.00 -326.00 -42.00 -21.00 -241.00 153.00 0.00 0.00 33.00 13.00 -13.00 -1.00 0.00 0.00 19.00 0.00 27.00 -9.00 0.00 0.00 0.00 0.00 0.00 0.00 0.00 0.00 0.00 0.00 0.00 0.00 0.00 0.00 0.00 0.00 0.00 0.00 
90.00 -49.00 159.00 36.00 -219.00 -335.00 -114.00 -34.00 -309.00 154.00 0.00 0.00 17.00 7.00 -37.00 -1.00 0.00 0.00 -7.00 -1.00 -7.00 -6.00 0.00 0.00 0.00 0.00 0.00 0.00 0.00 0.00 0.00 0.00 0.00 0.00 0.00 0.00 0.00 0.00 0.00 0.00 
90.00 -49.00 149.00 58.00 -239.00 -195.00 -160.00 -39.00 -189.00 186.00 0.00 0.00 49.00 11.00 -69.00 -16.00 0.00 0.00 5.00 -4.00 -6.00 -10.00 0.00 0.00 0.00 0.00 0.00 0.00 0.00 0.00 0.00 0.00 0.00 0.00 0.00 0.00 0.00 0.00 0.00 0.00 
90.00 -49.00 149.00 81.00 -326.00 -78.00 -160.00 -12.00 -250.00 168.00 0.00 0.00 49.00 11.00 -69.00 -16.00 0.00 0.00 5.00 -4.00 -6.00 -10.00 0.00 0.00 0.00 0.00 0.00 0.00 0.00 0.00 0.00 0.00 0.00 0.00 0.00 0.00 0.00 0.00 0.00 0.00 
90.00 -49.00 155.00 88.00 -330.00 75.00 -186.00 -17.00 -298.00 82.00 0.00 0.00 49.00 4.00 -65.00 -1.00 0.00 0.00 -5.00 -16.00 -22.00 1.00 0.00 0.00 0.00 0.00 0.00 0.00 0.00 0.00 0.00 0.00 0.00 0.00 0.00 0.00 0.00 0.00 0.00 0.00 
90.00 -49.00 156.00 56.00 -298.00 -9.00 -170.00 -16.00 -295.00 53.00 0.00 0.00 49.00 4.00 -65.00 -1.00 0.00 0.00 -5.00 -16.00 -22.00 1.00 0.00 0.00 0.00 0.00 0.00 0.00 0.00 0.00 0.00 0.00 0.00 0.00 0.00 0.00 0.00 0.00 0.00 0.00 
90.00 -49.00 156.00 96.00 -382.00 48.00 -161.00 4.00 -295.00 53.00 0.00 0.00 49.00 4.00 -65.00 -1.00 0.00 0.00 -5.00 -16.00 -22.00 1.00 0.00 0.00 0.00 0.00 0.00 0.00 0.00 0.00 0.00 0.00 0.00 0.00 0.00 0.00 0.00 0.00 0.00 0.00 
90.00 -49.00 122.00 90.00 -451.00 32.00 -160.00 -25.00 -334.00 56.00 0.00 0.00 61.00 4.00 -65.00 -1.00 0.00 0.00 16.00 -20.00 -20.00 20.00 0.00 0.00 0.00 0.00 0.00 0.00 0.00 0.00 0.00 0.00 0.00 0.00 0.00 0.00 0.00 0.00 0.00 0.00 
90.00 -49.00 126.00 108.00 -431.00 81.00 -160.00 -25.00 -334.00 56.00 0.00 0.00 61.00 4.00 -65.00 -1.00 0.00 0.00 16.00 -20.00 -20.00 20.00 0.00 0.00 0.00 0.00 0.00 0.00 0.00 0.00 0.00 0.00 0.00 0.00 0.00 0.00 0.00 0.00 0.00 0.00 
90.00 -49.00 127.00 70.00 -431.00 81.00 -179.00 -27.00 -254.00 46.00 0.00 0.00 61.00 4.00 -65.00 -1.00 0.00 0.00 16.00 -20.00 -20.00 20.00 0.00 0.00 0.00 0.00 0.00 0.00 0.00 0.00 0.00 0.00 0.00 0.00 0.00 0.00 0.00 0.00 0.00 0.00 
90.00 -49.00 110.00 82.00 -516.00 170.00 -175.00 -12.00 -225.00 42.00 0.00 0.00 61.00 4.00 -65.00 -1.00 0.00 0.00 16.00 -20.00 -20.00 20.00 0.00 0.00 0.00 0.00 0.00 0.00 0.00 0.00 0.00 0.00 0.00 0.00 0.00 0.00 0.00 0.00 0.00 0.00 
90.00 -49.00 138.00 91.00 -559.00 155.00 -164.00 -10.00 -244.00 -84.00 0.00 0.00 61.00 4.00 -65.00 -1.00 0.00 0.00 16.00 -20.00 -20.00 20.00 0.00 0.00 0.00 0.00 0.00 0.00 0.00 0.00 0.00 0.00 0.00 0.00 0.00 0.00 0.00 0.00 0.00 0.00 
90.00 -49.00 108.00 45.00 -559.00 155.00 -119.00 -10.00 -204.00 -156.00 0.00 0.00 61.00 4.00 -65.00 -1.00 0.00 0.00 16.00 -20.00 -20.00 20.00 0.00 0.00 0.00 0.00 0.00 0.00 0.00 0.00 0.00 0.00 0.00 0.00 0.00 0.00 0.00 0.00 0.00 0.00 
90.00 -49.00 165.00 78.00 -559.00 155.00 -119.00 -10.00 -204.00 -156.00 0.00 0.00 81.00 4.00 -73.00 -3.00 0.00 0.00 24.00 -21.00 -3.00 18.00 0.00 0.00 0.00 0.00 0.00 0.00 0.00 0.00 0.00 0.00 0.00 0.00 0.00 0.00 0.00 0.00 0.00 0.00 
90.00 -49.00 230.00 70.00 -582.00 151.00 -80.00 -13.00 -248.00 -76.00 0.00 0.00 81.00 4.00 -73.00 -3.00 0.00 0.00 24.00 -21.00 -3.00 18.00 0.00 0.00 0.00 0.00 0.00 0.00 0.00 0.00 0.00 0.00 0.00 0.00 0.00 0.00 0.00 0.00 0.00 0.00 
90.00 -49.00 283.00 65.00 -602.00 74.00 -8.00 -19.00 -234.00 -128.00 0.00 0.00 73.00 10.00 -58.00 -9.00 0.00 0.00 24.00 -21.00 -3.00 18.00 0.00 0.00 0.00 0.00 0.00 0.00 0.00 0.00 0.00 0.00 0.00 0.00 0.00 0.00 0.00 0.00 0.00 0.00 
90.00 -49.00 278.00 96.00 -560.00 33.00 -31.00 12.00 -313.00 -182.00 0.00 0.00 73.00 10.00 -58.00 -9.00 0.00 0.00 24.00 -21.00 -3.00 18.00 0.00 0.00 0.00 0.00 0.00 0.00 0.00 0.00 0.00 0.00 0.00 0.00 0.00 0.00 0.00 0.00 0.00 0.00 
90.00 -49.00 307.00 60.00 -560.00 33.00 -58.00 -13.00 -313.00 -182.00 0.00 0.00 73.00 10.00 -58.00 -9.00 0.00 0.00 24.00 -21.00 -3.00 18.00 0.00 0.00 0.00 0.00 0.00 0.00 0.00 0.00 0.00 0.00 0.00 0.00 0.00 0.00 0.00 0.00 0.00 0.00 
90.00 -49.00 276.00 65.00 -536.00 -81.00 -30.00 -26.00 -250.00 -192.00 0.00 0.00 73.00 10.00 -58.00 -9.00 0.00 0.00 24.00 -21.00 -3.00 18.00 0.00 0.00 0.00 0.00 0.00 0.00 0.00 0.00 0.00 0.00 0.00 0.00 0.00 0.00 0.00 0.00 0.00 0.00 
90.00 -49.00 273.00 61.00 -500.00 -90.00 -64.00 3.00 -320.00 -196.00 0.00 0.00 73.00 10.00 -58.00 -9.00 0.00 0.00 24.00 -21.00 -3.00 18.00 0.00 0.00 0.00 0.00 0.00 0.00 0.00 0.00 0.00 0.00 0.00 0.00 0.00 0.00 0.00 0.00 0.00 0.00 
90.00 -49.00 250.00 57.00 -468.00 -102.00 -15.00 3.00 -242.00 -121.00 0.00 0.00 73.00 10.00 -58.00 -9.00 0.00 0.00 24.00 -21.00 -3.00 18.00 0.00 0.00 0.00 0.00 0.00 0.00 0.00 0.00 0.00 0.00 0.00 0.00 0.00 0.00 0.00 0.00 0.00 0.00 
90.00 -49.00 184.00 81.00 -556.00 -70.00 -15.00 3.00 -242.00 -121.00 0.00 0.00 73.00 10.00 -58.00 -9.00 0.00 0.00 24.00 -21.00 -3.00 18.00 0.00 0.00 0.00 0.00 0.00 0.00 0.00 0.00 0.00 0.00 0.00 0.00 0.00 0.00 0.00 0.00 0.00 0.00 
90.00 -49.00 184.00 81.00 -556.00 -70.00 -15.00 3.00 -242.00 -121.00 0.00 0.00 46.00 5.00 -58.00 -9.00 0.00 0.00 24.00 -21.00 -3.00 18.00 0.00 0.00 0.00 0.00 0.00 0.00 0.00 0.00 0.00 0.00 0.00 0.00 0.00 0.00 0.00 0.00 0.00 0.00 
90.00 -49.00 311.00 41.00 -585.00 -78.00 -15.00 3.00 -242.00 -121.00 0.00 0.00 46.00 5.00 -58.00 -9.00 0.00 0.00 24.00 -21.00 -3.00 18.00 0.00 0.00 0.00 0.00 0.00 0.00 0.00 0.00 0.00 0.00 0.00 0.00 0.00 0.00 0.00 0.00 0.00 0.00 
90.00 -49.00 311.00 41.00 -585.00 -78.00 -53.00 -7.00 -183.00 -138.00 0.00 0.00 46.00 5.00 -58.00 -9.00 0.00 0.00 24.00 -21.00 -3.00 18.00 0.00 0.00 0.00 0.00 0.00 0.00 0.00 0.00 0.00 0.00 0.00 0.00 0.00 0.00 0.00 0.00 0.00 0.00 
90.00 -49.00 309.00 58.00 -536.00 -36.00 -67.00 20.00 -145.00 -193.00 0.00 0.00 46.00 5.00 -58.00 -9.00 0.00 0.00 24.00 -21.00 -3.00 18.00 0.00 0.00 0.00 0.00 0.00 0.00 0.00 0.00 0.00 0.00 0.00 0.00 0.00 0.00 0.00 0.00 0.00 0.00 
90.00 -49.00 324.00 71.00 -597.00 31.00 -38.00 15.00 -173.00 -57.00 0.00 0.00 46.00 5.00 -58.00 -9.00 0.00 0.00 24.00 -21.00 -3.00 18.00 0.00 0.00 0.00 0.00 0.00 0.00 0.00 0.00 0.00 0.00 0.00 0.00 0.00 0.00 0.00 0.00 0.00 0.00 
90.00 -49.00 337.00 89.00 -608.00 24.00 -26.00 -10.00 -292.00 -110.00 0.00 0.00 46.00 5.00 -58.00 -9.00 0.00 0.00 24.00 -21.00 -3.00 18.00 0.00 0.00 0.00 0.00 0.00 0.00 0.00 0.00 0.00 0.00 0.00 0.00 0.00 0.00 0.00 0.00 0.00 0.00 
90.00 -49.00 339.00 62.00 -608.00 24.00 -26.00 -10.00 -292.00 -110.00 0.00 0.00 67.00 11.00 -58.00 -9.00 0.00 0.00 1.00 -19.00 -3.00 18.00 0.00 0.00 0.00 0.00 0.00 0.00 0.00 0.00 0.00 0.00 0.00 0.00 0.00 0.00 0.00 0.00 0.00 0.00 
90.00 -49.00 229.00 41.00 -633.00 -90.00 -82.00 -27.00 -325.00 -139.00 0.00 0.00 67.00 11.00 -58.00 -9.00 0.00 0.00 1.00 -19.00 -3.00 18.00 0.00 0.00 0.00 0.00 0.00 0.00 0.00 0.00 0.00 0.00 0.00 0.00 0.00 0.00 0.00 0.00 0.00 0.00 
90.00 -49.00 165.00 75.00 -689.00 -112.00 -132.00 -3.00 -207.00 -137.00 0.00 0.00 50.00 16.00 -78.00 -17.00 0.00 0.00 -7.00 -21.00 -18.00 13.00 0.00 0.00 0.00 0.00 0.00 0.00 0.00 0.00 0.00 0.00 0.00 0.00 0.00 0.00 0.00 0.00 0.00 0.00 
90.00 -49.00 159.00 101.00 -729.00 -315.00 -164.00 -15.00 -243.00 -141.00 0.00 0.00 50.00 16.00 -78.00 -17.00 0.00 0.00 -7.00 -21.00 -18.00 13.00 0.00 0.00 0.00 0.00 0.00 0.00 0.00 0.00 0.00 0.00 0.00 0.00 0.00 0.00 0.00 0.00 0.00 0.00 
90.00 -49.00 185.00 70.00 -667.00 -322.00 -171.00 -33.00 -237.00 -69.00 0.00 0.00 50.00 16.00 -78.00 -17.00 0.00 0.00 -7.00 -21.00 -18.00 13.00 0.00 0.00 0.00 0.00 0.00 0.00 0.00 0.00 0.00 0.00 0.00 0.00 0.00 0.00 0.00 0.00 0.00 0.00 
90.00 -49.00 210.00 96.00 -508.00 -382.00 -179.00 -2.00 -237.00 -69.00 0.00 0.00 50.00 16.00 -78.00 -17.00 0.00 0.00 -7.00 -21.00 -18.00 13.00 0.00 0.00 0.00 0.00 0.00 0.00 0.00 0.00 0.00 0.00 0.00 0.00 0.00 0.00 0.00 0.00 0.00 0.00 
90.00 -49.00 208.00 80.00 -474.00 -430.00 -164.00 39.00 -237.00 -69.00 0.00 0.00 50.00 16.00 -78.00 -17.00 0.00 0.00 -7.00 -21.00 -18.00 13.00 0.00 0.00 0.00 0.00 0.00 0.00 0.00 0.00 0.00 0.00 0.00 0.00 0.00 0.00 0.00 0.00 0.00 0.00 
90.00 -49.00 229.00 106.00 -627.00 -463.00 -193.00 9.00 -319.00 -48.00 0.00 0.00 50.00 16.00 -78.00 -17.00 0.00 0.00 -7.00 -21.00 -18.00 13.00 0.00 0.00 0.00 0.00 0.00 0.00 0.00 0.00 0.00 0.00 0.00 0.00 0.00 0.00 0.00 0.00 0.00 0.00 
90.00 -49.00 169.00 89.00 -672.00 -393.00 -193.00 9.00 -319.00 -48.00 0.00 0.00 50.00 16.00 -78.00 -17.00 0.00 0.00 24.00 -15.00 -18.00 13.00 0.00 0.00 0.00 0.00 0.00 0.00 0.00 0.00 0.00 0.00 0.00 0.00 0.00 0.00 0.00 0.00 0.00 0.00 
90.00 -49.00 191.00 89.00 -776.00 -269.00 -37.00 -26.00 -217.00 -76.00 0.00 0.00 50.00 16.00 -78.00 -17.00 0.00 0.00 24.00 -15.00 -18.00 13.00 0.00 0.00 0.00 0.00 0.00 0.00 0.00 0.00 0.00 0.00 0.00 0.00 0.00 0.00 0.00 0.00 0.00 0.00 
90.00 -49.00 192.00 82.00 -792.00 -290.00 -44.00 4.00 -283.00 -60.00 0.00 0.00 62.00 13.00 -78.00 -17.00 0.00 0.00 17.00 -11.00 -27.00 11.00 0.00 0.00 0.00 0.00 0.00 0.00 0.00 0.00 0.00 0.00 0.00 0.00 0.00 0.00 0.00 0.00 0.00 0.00 
90.00 -49.00 138.00 41.00 -820.00 -206.00 -37.00 6.00 -283.00 -60.00 0.00 0.00 62.00 13.00 -78.00 -17.00 0.00 0.00 17.00 -11.00 -27.00 11.00 0.00 0.00 0.00 0.00 0.00 0.00 0.00 0.00 0.00 0.00 0.00 0.00 0.00 0.00 0.00 0.00 0.00 0.00 
90.00 -49.00 138.00 41.00 -820.00 -206.00 -37.00 6.00 -247.00 -89.00 0.00 0.00 62.00 13.00 -78.00 -17.00 0.00 0.00 17.00 -11.00 -27.00 11.00 0.00 0.00 0.00 0.00 0.00 0.00 0.00 0.00 0.00 0.00 0.00 0.00 0.00 0.00 0.00 0.00 0.00 0.00 
