83.00 5.00 156.00 -14.00 -92.00 117.00 -6.00 17.00 96.00 -184.00 0.00 0.00 -1.00 15.00 0.00 0.00 0.00 0.00 0.00 0.00 0.00 0.00 0.00 0.00 0.00 0.00 0.00 0.00 0.00 0.00 0.00 0.00 0.00 0.00 0.00 0.00 0.00 0.00 0.00 0.00 
83.00 5.00 147.00 21.00 -104.00 172.00 -58.00 -25.00 57.00 -191.00 0.00 0.00 13.00 7.00 0.00 0.00 0.00 0.00 10.00 -8.00 0.00 0.00 0.00 0.00 0.00 0.00 0.00 0.00 0.00 0.00 0.00 0.00 0.00 0.00 0.00 0.00 0.00 0.00 0.00 0.00 
83.00 5.00 137.00 65.00 -367.00 103.00 -44.00 -14.00 20.00 -56.00 0.00 0.00 13.00 7.00 0.00 0.00 0.00 0.00 10.00 -8.00 0.00 0.00 0.00 0.00 0.00 0.00 0.00 0.00 0.00 0.00 0.00 0.00 0.00 0.00 0.00 0.00 0.00 0.00 0.00 0.00 
83.00 5.00 100.00 51.00 -342.00 225.00 -15.00 3.00 20.00 -56.00 0.00 0.00 17.00 13.00 -39.00 -15.00 0.00 0.00 16.00 -8.00 -6.00 15.00 0.00 0.00 0.00 0.00 0.00 0.00 0.00 0.00 0.00 0.00 0.00 0.00 0.00 0.00 0.00 0.00 0.00 0.00 
83.00 5.00 13.00 15.00 -373.00 220.00 1.00 37.00 107.00 -112.00 0.00 0.00 27.00 6.00 -30.00 -18.00 0.00 0.00 16.00 -8.00 -6.00 15.00 0.00 0.00 0.00 0.00 0.00 0.00 0.00 0.00 0.00 0.00 0.00 0.00 0.00 0.00 0.00 0.00 0.00 0.00 
83.00 5.00 148.00 10.00 -373.00 220.00 18.00 -5.00 -4.00 -136.00 0.00 0.00 78.00 14.00 -30.00 -18.00 0.00 0.00 16.00 -8.00 -6.00 15.00 0.00 0.00 0.00 0.00 0.00 0.00 0.00 0.00 0.00 0.00 0.00 0.00 0.00 0.00 0.00 0.00 0.00 0.00 
83.00 5.00 0.00 16.00 -373.00 220.00 -35.00 -46.00 -6.00 -63.00 0.00 0.00 16.00 9.00 -30.00 -18.00 0.00 0.00 -8.00 -17.00 -6.00 15.00 0.00 0.00 0.00 0.00 0.00 0.00 0.00 0.00 0.00 0.00 0.00 0.00 0.00 0.00 0.00 0.00 0.00 0.00 
83.00 5.00 -1.00 -38.00 -388.00 263.00 -22.00 -83.00 -4.00 -27.00 0.00 0.00 -21.00 2.00 -30.00 -18.00 0.00 0.00 -39.00 -23.00 -6.00 15.00 0.00 0.00 0.00 0.00 0.00 0.00 0.00 0.00 0.00 0.00 0.00 0.00 0.00 0.00 0.00 0.00 0.00 0.00 
83.00 5.00 3.00 16.00 -253.00 215.00 -27.00 -83.00 52.00 -105.00 0.00 0.00 23.00 4.00 -30.00 -18.00 0.00 0.00 16.00 -18.00 17.00 18.00 0.00 0.00 0.00 0.00 0.00 0.00 0.00 0.00 0.00 0.00 0.00 0.00 0.00 0.00 0.00 0.00 0.00 0.00 
83.00 5.00 -80.00 76.00 -139.00 226.00 -171.00 -90.00 -1.00 -27.00 0.00 0.00 80.00 20.00 -30.00 -18.00 0.00 0.00 16.00 -18.00 17.00 18.00 0.00 0.00 0.00 0.00 0.00 0.00 0.00 0.00 0.00 0.00 0.00 0.00 0.00 0.00 0.00 0.00 0.00 0.00 
83.00 5.00 -23.00 98.00 -230.00 304.00 -201.00 -142.00 -204.00 66.00 0.00 0.00 66.00 33.00 -30.00 -18.00 0.00 0.00 28.00 -22.00 17.00 18.00 0.00 0.00 0.00 0.00 0.00 0.00 0.00 0.00 0.00 0.00 0.00 0.00 0.00 0.00 0.00 0.00 0.00 0.00 
83.00 5.00 -114.00 62.00 -230.00 304.00 -246.00 -110.00 -226.00 59.00 0.00 0.00 66.00 33.00 -30.00 -18.00 0.00 0.00 28.00 -22.00 17.00 18.00 0.00 0.00 0.00 0.00 0.00 0.00 0.00 0.00 0.00 0.00 0.00 0.00 0.00 0.00 0.00 0.00 0.00 0.00 
83.00 5.00 -114.00 81.00 -230.00 304.00 -246.00 -110.00 -226.00 59.00 0.00 0.00 17.00 7.00 -30.00 -18.00 0.00 0.00 348.00 -19.00 17.00 18.00 0.00 0.00 0.00 0.00 0.00 0.00 0.00 0.00 0.00 0.00 0.00 0.00 0.00 0.00 0.00 0.00 0.00 0.00 
83.00 5.00 -114.00 112.00 -395.00 351.00 -284.00 -75.00 -223.00 117.00 0.00 0.00 17.00 7.00 -30.00 -18.00 0.00 0.00 348.00 -19.00 17.00 18.00 0.00 0.00 0.00 0.00 0.00 0.00 0.00 0.00 0.00 0.00 0.00 0.00 0.00 0.00 0.00 0.00 0.00 0.00 
83.00 5.00 -146.00 124.00 -351.00 361.00 -337.00 -69.00 -79.00 -13.00 0.00 0.00 17.00 7.00 -30.00 -18.00 0.00 0.00 348.00 -19.00 17.00 18.00 0.00 0.00 0.00 0.00 0.00 0.00 0.00 0.00 0.00 0.00 0.00 0.00 0.00 0.00 0.00 0.00 0.00 0.00 
83.00 5.00 -257.00 90.00 -351.00 361.00 -156.00 -78.00 -79.00 -13.00 0.00 0.00 77.00 4.00 -30.00 -18.00 0.00 0.00 386.00 -24.00 17.00 18.00 0.00 0.00 0.00 0.00 0.00 0.00 0.00 0.00 0.00 0.00 0.00 0.00 0.00 0.00 0.00 0.00 0.00 0.00 
83.00 5.00 -386.00 75.00 -297.00 345.00 -136.00 -140.00 -79.00 -13.00 0.00 0.00 61.00 18.00 -30.00 -18.00 0.00 0.00 378.00 -17.00 17.00 18.00 0.00 0.00 0.00 0.00 0.00 0.00 0.00 0.00 0.00 0.00 0.00 0.00 0.00 0.00 0.00 0.00 0.00 0.00 
83.00 5.00 -510.00 95.00 -422.00 362.00 -181.00 -99.00 -13.00 44.00 0.00 0.00 61.00 18.00 -30.00 -18.00 0.00 0.00 378.00 -17.00 17.00 18.00 0.00 0.00 0.00 0.00 0.00 0.00 0.00 0.00 0.00 0.00 0.00 0.00 0.00 0.00 0.00 0.00 0.00 0.00 
83.00 5.00 -596.00 29.00 -436.00 508.00 -197.00 -108.00 15.00 -170.00 0.00 0.00 12.00 12.00 -30.00 -18.00 0.00 0.00 378.00 -17.00 17.00 18.00 0.00 0.00 0.00 0.00 0.00 0.00 0.00 0.00 0.00 0.00 0.00 0.00 0.00 0.00 0.00 0.00 0.00 0.00 
83.00 5.00 -608.00 3.00 -454.00 563.00 -199.00 -67.00 279.00 -13.00 0.00 0.00 12.00 12.00 -30.00 -18.00 0.00 0.00 378.00 -17.00 17.00 18.00 0.00 0.00 0.00 0.00 0.00 0.00 0.00 0.00 0.00 0.00 0.00 0.00 0.00 0.00 0.00 0.00 0.00 0.00 
83.00 5.00 -682.00 -21.00 -445.00 520.00 -333.00 -85.00 283.00 -46.00 0.00 0.00 12.00 12.00 -30.00 -18.00 0.00 0.00 378.00 -17.00 17.00 18.00 0.00 0.00 0.00 0.00 0.00 0.00 0.00 0.00 0.00 0.00 0.00 0.00 0.00 0.00 0.00 0.00 0.00 0.00 
83.00 5.00 -681.00 25.00 -388.00 510.00 -283.00 -61.00 314.00 -49.00 0.00 0.00 46.00 25.00 -47.00 -22.00 0.00 0.00 378.00 -17.00 17.00 18.00 0.00 0.00 0.00 0.00 0.00 0.00 0.00 0.00 0.00 0.00 0.00 0.00 0.00 0.00 0.00 0.00 0.00 0.00 
83.00 5.00 -515.00 36.00 -565.00 475.00 -206.00 -80.00 348.00 25.00 0.00 0.00 88.00 40.00 -54.00 -15.00 0.00 0.00 378.00 -17.00 17.00 18.00 0.00 0.00 0.00 0.00 0.00 0.00 0.00 0.00 0.00 0.00 0.00 0.00 0.00 0.00 0.00 0.00 0.00 0.00 
83.00 5.00 -584.00 46.00 -565.00 475.00 -262.00 -91.00 209.00 -48.00 0.00 0.00 73.00 20.00 -54.00 -15.00 0.00 0.00 376.00 -6.00 17.00 18.00 0.00 0.00 0.00 0.00 0.00 0.00 0.00 0.00 0.00 0.00 0.00 0.00 0.00 0.00 0.00 0.00 0.00 0.00 
83.00 5.00 -577.00 131.00 -527.00 291.00 -322.00 -104.00 209.00 -48.00 0.00 0.00 39.00 12.00 -54.00 -15.00 0.00 0.00 376.00 -6.00 17.00 18.00 0.00 0.00 0.00 0.00 0.00 0.00 0.00 0.00 0.00 0.00 0.00 0.00 0.00 0.00 0.00 0.00 0.00 0.00 
83.00 5.00 -482.00 76.00 -527.00 291.00 -318.00 -64.00 398.00 -86.00 0.00 0.00 82.00 19.00 -27.00 -19.00 0.00 0.00 361.00 -20.00 63.00 14.00 0.00 0.00 0.00 0.00 0.00 0.00 0.00 0.00 0.00 0.00 0.00 0.00 0.00 0.00 0.00 0.00 0.00 0.00 
83.00 5.00 -408.00 83.00 -527.00 291.00 -184.00 -132.00 410.00 21.00 0.00 0.00 32.00 12.00 -27.00 -19.00 0.00 0.00 361.00 -20.00 63.00 14.00 0.00 0.00 0.00 0.00 0.00 0.00 0.00 0.00 0.00 0.00 0.00 0.00 0.00 0.00 0.00 0.00 0.00 0.00 
83.00 5.00 -408.00 83.00 -527.00 243.00 -184.00 -132.00 410.00 21.00 0.00 0.00 8.00 4.00 -27.00 -19.00 0.00 0.00 361.00 -20.00 63.00 14.00 0.00 0.00 0.00 0.00 0.00 0.00 0.00 0.00 0.00 0.00 0.00 0.00 0.00 0.00 0.00 0.00 0.00 0.00 
83.00 5.00 -418.00 86.00 -604.00 238.00 -194.00 -89.00 257.00 -77.00 0.00 0.00 8.00 4.00 2.00 -10.00 0.00 0.00 304.00 -17.00 63.00 14.00 0.00 0.00 0.00 0.00 0.00 0.00 0.00 0.00 0.00 0.00 0.00 0.00 0.00 0.00 0.00 0.00 0.00 0.00 
83.00 5.00 -495.00 80.00 -592.00 338.00 -335.00 -91.00 339.00 -83.00 0.00 0.00 15.00 17.00 -21.00 -25.00 5.00 4.00 335.00 -13.00 67.00 19.00 0.00 0.00 0.00 0.00 0.00 0.00 0.00 0.00 0.00 0.00 0.00 0.00 0.00 0.00 0.00 0.00 0.00 0.00 
83.00 5.00 -479.00 107.00 -655.00 335.00 -307.00 -49.00 275.00 -67.00 0.00 0.00 15.00 17.00 -21.00 -25.00 5.00 4.00 335.00 -13.00 67.00 19.00 0.00 0.00 0.00 0.00 0.00 0.00 0.00 0.00 0.00 0.00 0.00 0.00 0.00 0.00 0.00 0.00 0.00 0.00 
83.00 5.00 -568.00 58.00 -562.00 283.00 -154.00 -103.00 211.00 31.00 0.00 0.00 -13.00 20.00 -12.00 -39.00 5.00 4.00 335.00 -13.00 67.00 19.00 0.00 0.00 0.00 0.00 0.00 0.00 0.00 0.00 0.00 0.00 0.00 0.00 0.00 0.00 0.00 0.00 0.00 0.00 
83.00 5.00 -527.00 91.00 -539.00 133.00 -161.00 -72.00 158.00 176.00 0.00 0.00 -13.00 20.00 -12.00 -39.00 5.00 4.00 335.00 -13.00 67.00 19.00 0.00 0.00 0.00 0.00 0.00 0.00 0.00 0.00 0.00 0.00 0.00 0.00 0.00 0.00 0.00 0.00 0.00 0.00 
